ヌリカベの問題が与えられる。
ヌリカベとはn x nの盤面を以下のルールで白と黒に塗り分けるパズルである。
盤面には予め数字が書かれている。

ルール :
・盤面の数字はその数字が含まれる島（黒ますによって分断されたところ）にある白マスの総数
・すべての島には必ず１つの数字が入る
・数字の入ったマスは必ず白マス
・すべての黒マスは繋がる
・黒マスが2x2マス以上のかたまりになってはいけない

与えられた問題に対する答えを1つ出力せよ。

入力
1行目には盤面の大きさを表すnが書かれている。
次のn行には次のような情報が書かれている.
(i行目) ai1 ai2 ... ain
aijは0以上の値であり、0のときマス(i,j)が空、0より大きいときそこにその数字が書かれていることを表す。

出力
問題に対する解を１つ出力せよ。ただし黒マスは B で, 白マスは W で表すものとする.

入力例1 :
4
8 0 0 1
0 0 0 0
0 0 0 0
0 0 0 0

出力例1 :
8  B  B  1
W  W  B  B
W  W  W  B
W  W  B  B


入力例2 :
7
0 4 0 0 0 0 0
0 0 2 0 0 0 2
0 0 0 0 2 0 0
0 0 0 0 0 0 0
0 0 0 0 1 0 0
0 0 0 0 0 0 0
5 0 3 0 0 0 5

出力例2 :
W 4 B B B B W
W B 2 B W B 2
W B W B 2 B B
B B B B B W W
W W W B 1 B W
W B B B B B W
5 B 3 W W B 5

5
0 0 3 0 0
0 0 0 0 0
0 0 3 0 2
0 0 0 0 0
0 0 0 0 4

7
4 0 3 0 3 0 2
0 0 0 0 0 0 0
0 0 0 0 0 0 0
0 0 0 0 0 0 4
0 3 0 0 2 0 0
0 0 0 0 0 0 0
0 0 0 1 0 0 0

10
0 0 0 0 0 4 0 0 5 0
7 0 0 0 0 0 0 3 0 0
0 2 0 0 0 0 0 0 0 0
0 0 0 0 0 0 0 0 0 0
0 0 0 0 0 0 0 0 0 0
0 0 0 0 0 0 0 0 0 0
0 0 0 0 0 0 0 0 0 0
0 0 0 0 0 0 0 0 3 0
0 0 2 0 0 0 0 0 0 10
0 10 0 0 3 0 0 0 0 0


10
0 0 0 0 3 0 0 0 5 0
0 0 0 2 0 0 0 4 0 0
3 0 0 0 0 0 0 0 0 0
0 0 0 0 0 0 0 0 0 0
4 0 0 0 2 0 0 0 0 0
0 0 0 0 0 3 0 0 0 4
0 0 0 0 0 0 0 0 0 0
0 0 0 0 0 0 0 0 0 3
0 0 2 0 0 0 2 0 0 0
0 8 0 0 0 1 0 0 0 0

10
0 0 3 0 0 0 0 5 0 6
0 4 0 0 0 0 0 0 0 0
0 0 0 0 0 0 0 0 0 0
0 0 0 0 1 0 0 0 0 0
0 0 0 0 0 0 4 0 0 3
1 0 0 4 0 0 0 0 0 0
0 0 0 0 0 1 0 0 0 0
0 0 0 0 0 0 0 0 0 0
0 0 0 0 0 0 0 0 1 0
4 0 4 0 0 0 0 3 0 0

10
2 0 0 0 0 0 0 5 0 4
0 0 0 0 0 0 0 0 0 0
4 0 0 1 0 0 0 0 0 0
0 0 2 0 0 3 0 0 0 0
0 0 0 0 0 0 0 0 0 0
0 0 0 0 0 8 0 0 0 2
0 0 0 0 0 0 0 0 4 0
0 0 0 0 0 0 0 0 0 0
0 0 0 0 5 0 0 0 0 0
3 0 0 3 0 0 0 0 0 0

17
0 9 0 0 0 0 0 0 0 0 0 0 2 0 0 0 0
0 0 0 4 0 0 0 0 3 0 0 0 0 0 0 4 0
0 0 3 0 3 0 0 3 0 0 0 0 0 0 0 0 6
0 0 0 0 0 0 0 0 5 0 0 0 0 0 0 0 0
0 0 0 0 0 0 0 0 0 0 0 0 0 0 0 0 0
0 0 0 0 0 0 3 0 0 0 0 0 0 0 0 0 0
0 0 0 0 0 2 0 3 0 3 0 0 0 0 0 0 0
0 0 0 0 0 0 0 0 0 0 7 0 0 0 0 0 3
0 0 0 0 0 0 0 0 0 0 0 0 0 0 0 0 0
3 0 0 0 0 0 0 0 0 0 0 0 0 0 0 0 6
0 9 0 0 0 0 2 0 0 5 0 0 0 0 0 0 0
0 0 0 0 6 0 0 0 0 0 0 0 0 0 0 0 0
0 0 0 0 0 0 0 0 0 0 0 0 0 0 0 0 0
0 0 0 0 0 0 0 0 0 0 0 0 0 0 0 0 0
0 0 0 0 0 0 0 0 0 0 0 0 0 0 5 0 0
0 0 0 0 0 0 0 0 3 0 0 0 0 6 0 0 0
6 0 5 0 4 0 0 0 0 3 0 0 0 0 8 0 0

17
0 0 3 0 0 0 0 0 0 0 8 0 0 0 0 0 0
0 0 0 0 0 0 0 0 0 0 0 4 0 1 0 0 0
0 0 2 0 0 0 0 1 0 0 0 0 0 0 0 0 6
0 0 0 4 0 0 3 0 0 2 0 0 0 0 0 3 0
0 0 0 0 0 0 0 0 0 0 0 0 0 0 0 0 0
0 0 0 0 0 0 7 0 0 3 0 0 0 0 0 3 0
0 0 4 0 2 0 0 0 0 0 2 0 0 0 0 0 0
0 0 0 0 0 5 0 0 0 0 0 0 0 0 0 0 0
0 0 0 0 0 0 0 0 0 0 0 0 3 0 0 0 3
0 3 0 0 0 0 0 0 0 0 0 0 0 0 0 4 0
0 0 3 0 0 3 0 2 0 0 0 0 4 0 0 0 0
0 0 0 0 0 0 0 0 1 0 0 0 0 5 0 3 0
0 0 5 0 0 0 0 0 0 0 0 0 0 0 0 0 0
0 0 0 0 0 0 0 0 0 3 0 0 0 0 0 1 0
0 0 0 2 0 3 0 0 0 0 0 0 0 0 0 0 0
0 0 0 0 0 0 3 0 0 2 0 0 0 0 0 4 0
0 0 0 0 0 0 0 0 0 0 4 0 0 0 0 0 1
